5
2
PCB1
20.0
Q1
80.0
100.0
0.0
0.0
0.0
0.0
0.0
0.0
Q2
20.0
100.0
0.0
0.0
0.0
0.0
0.0
0.0
1
PCB2
80.0
Q1
100.0
100.0
0.0
0.0
0.0
0.0
0.0
0.0
3
TEST 1
50.0
Q1
20.0
0.0
20.0
0.0
80.0
0.0
0.0
0.0
Q2
30.0
0.0
20.0
0.0
80.0
0.0
0.0
0.0
Q2
50.0
0.0
80.0
0.0
20.0
0.0
0.0
0.0
2
TEST 2
80.0
Q1
50.0
0.0
0.0
0.0
100.0
0.0
0.0
0.0
Q2
50.0
60.0
0.0
0.0
10.0
10.0
10.0
10.0
6
TEST 3
40.0
Q1
10.0
100.0
0.0
0.0
0.0
0.0
0.0
0.0
Q2
10.0
100.0
0.0
0.0
0.0
0.0
0.0
0.0
Q3
10.0
100.0
0.0
0.0
0.0
0.0
0.0
0.0
Q4
10.0
100.0
0.0
0.0
0.0
0.0
0.0
0.0
Q5
10.0
100.0
0.0
0.0
0.0
0.0
0.0
0.0
Q6
10.0
100.0
0.0
0.0
0.0
0.0
0.0
0.0
